2 3 5 6 7 8 9 0 8 9 0 4 4 3 2 1 5 6 7 8
3 5 3 6 7 8 9 0 8 9 0 4 4 3 2 1 5 6 7 8
6 7 8 9 0 8 9 0 4 4 3 2 1 5 6 7 8 6 3 4
2 3 5 6 7 8 9 0 8 9 0 4 4 3 2 1 5 6 7 8
3 5 3 6 7 8 9 0 8 9 0 4 4 3 2 1 5 6 7 8
6 7 8 9 0 8 9 0 4 4 3 2 1 5 6 7 8 6 3 4
2 3 5 6 7 8 9 0 8 9 0 4 4 3 2 1 5 6 7 8
3 5 3 6 7 8 9 0 8 9 0 4 4 3 2 1 5 6 7 8
6 7 8 9 0 8 9 0 4 4 3 2 1 5 6 7 8 6 3 4
2 3 5 6 7 8 9 0 8 9 0 4 4 3 2 1 5 6 7 8
3 5 3 6 7 8 9 0 8 9 0 4 4 3 2 1 5 6 7 8
6 7 8 9 0 8 9 0 4 4 3 2 1 5 6 7 8 6 3 4
2 3 5 6 7 8 9 0 8 9 0 4 4 3 2 1 5 6 7 8
3 5 3 6 7 8 9 0 8 9 0 4 4 3 2 1 5 6 7 8
6 7 8 9 0 8 9 0 4 4 3 2 1 5 6 7 8 6 3 4
3 5 3 6 7 8 9 0 8 9 0 4 4 3 2 1 5 6 7 8
6 7 8 9 0 8 9 0 4 4 3 2 1 5 6 7 8 6 3 4
